[?1034hmasses = 
array('d', [1000.0, 1100.0, 1200.0, 1300.0, 1400.0, 1500.0, 1600.0, 1700.0, 1800.0, 1900.0, 2000.0, 2100.0, 2200.0, 2300.0, 2400.0, 2500.0, 2600.0, 2700.0, 2800.0, 2900.0, 3000.0, 3100.0, 3200.0, 3300.0, 3400.0, 3500.0, 3600.0, 3700.0, 3800.0, 3900.0, 4000.0, 4100.0, 4200.0, 4300.0, 4400.0, 4500.0, 4600.0, 4700.0, 4800.0, 4900.0])

xs_obs_limits  = 
array('d', [0.00774852, 0.00562747, 0.00400853, 0.00380348, 0.00362714, 0.00471776, 0.00494717, 0.003528, 0.00211165, 0.00173925, 0.00144971, 0.00142825, 0.00189331, 0.00199463, 0.00156076, 0.00104745, 0.000782344, 0.000662976, 0.000602027, 0.000562074, 0.000501768, 0.000419394, 0.000361656, 0.00034313, 0.000334019, 0.000328115, 0.000302821, 0.000279217, 0.000259398, 0.000239803, 0.000235247, 0.000212402, 0.000200521, 0.000195773, 0.000185495, 0.000185416, 0.000177943, 0.000170511, 0.00016973, 0.000166861])

xs_exp_limits = 
array('d', [0.00844762, 0.00724337, 0.00620074, 0.00467934, 0.00395303, 0.00351594, 0.00315681, 0.00276363, 0.00231628, 0.00196551, 0.00178664, 0.00161398, 0.0013634, 0.00119876, 0.00107508, 0.0010669, 0.000922078, 0.00080156, 0.000675847, 0.00060065, 0.000521457, 0.000481293, 0.000422419, 0.000368579, 0.000330022, 0.000307804, 0.000288511, 0.000267107, 0.000253445, 0.000236306, 0.000231243, 0.000218536, 0.000205715, 0.000197549, 0.00018708, 0.000187518, 0.000179043, 0.000175654, 0.000168292, 0.000167459])

masses_exp = 
array('d', [1000.0, 1100.0, 1200.0, 1300.0, 1400.0, 1500.0, 1600.0, 1700.0, 1800.0, 1900.0, 2000.0, 2100.0, 2200.0, 2300.0, 2400.0, 2500.0, 2600.0, 2700.0, 2800.0, 2900.0, 3000.0, 3100.0, 3200.0, 3300.0, 3400.0, 3500.0, 3600.0, 3700.0, 3800.0, 3900.0, 4000.0, 4100.0, 4200.0, 4300.0, 4400.0, 4500.0, 4600.0, 4700.0, 4800.0, 4900.0, 4900.0, 4800.0, 4700.0, 4600.0, 4500.0, 4400.0, 4300.0, 4200.0, 4100.0, 4000.0, 3900.0, 3800.0, 3700.0, 3600.0, 3500.0, 3400.0, 3300.0, 3200.0, 3100.0, 3000.0, 2900.0, 2800.0, 2700.0, 2600.0, 2500.0, 2400.0, 2300.0, 2200.0, 2100.0, 2000.0, 1900.0, 1800.0, 1700.0, 1600.0, 1500.0, 1400.0, 1300.0, 1200.0, 1100.0, 1000.0])

xs_exp_limits_1sigma  = 
array('d', [0.00594722, 0.00498615, 0.00415641, 0.00345085, 0.0027339, 0.00238461, 0.00211312, 0.00191869, 0.00162801, 0.00146279, 0.00126473, 0.00111536, 0.00102847, 0.000908842, 0.000759426, 0.00073769, 0.00064414, 0.000570117, 0.000505486, 0.000445489, 0.00038533, 0.000344345, 0.000303429, 0.000283278, 0.000262198, 0.000237682, 0.000224657, 0.000206361, 0.000190911, 0.000182273, 0.000179814, 0.000172385, 0.000169048, 0.000164775, 0.000161484, 0.000161685, 0.000158717, 0.000157494, 0.000157425, 0.000154888, 0.000210092, 0.000223332, 0.00022616, 0.000235622, 0.000243806, 0.000241718, 0.000253169, 0.000260064, 0.00026701, 0.000283319, 0.000298769, 0.000331107, 0.000349868, 0.000381153, 0.00043596, 0.00046816, 0.000513713, 0.000580094, 0.000643455, 0.000775905, 0.000865416, 0.000963721, 0.00110996, 0.00126301, 0.00141941, 0.00147406, 0.00171621, 0.00189186, 0.002174, 0.00254519, 0.00291622, 0.00326081, 0.00389399, 0.00449836, 0.00487488, 0.00535517, 0.0066501, 0.00805572, 0.00987957, 0.012894])

xs_exp_limits_2sigma = 
array('d', [0.00395956, 0.00392702, 0.00314821, 0.00268472, 0.00214, 0.00190299, 0.00165593, 0.00137536, 0.00111118, 0.00108902, 0.00100021, 0.000803491, 0.000717301, 0.000635123, 0.000584889, 0.000534148, 0.000463244, 0.000428984, 0.000382403, 0.000320652, 0.000294254, 0.000254492, 0.000252005, 0.000215142, 0.000200552, 0.000187104, 0.00017927, 0.000166503, 0.000164832, 0.000157508, 0.000163178, 0.000157474, 0.000155481, 0.000153154, 0.000146448, 0.000150946, 0.000150716, 0.000148978, 0.000149417, 0.000146769, 0.000259491, 0.000278091, 0.000294728, 0.000292588, 0.000308253, 0.000305089, 0.000322341, 0.000335981, 0.000356863, 0.000410111, 0.000425451, 0.000465719, 0.00052548, 0.000562497, 0.000595095, 0.000620019, 0.000718583, 0.000759215, 0.000888951, 0.000953329, 0.00116153, 0.00139067, 0.00160338, 0.00172225, 0.00183188, 0.00202735, 0.00253483, 0.00260605, 0.00290657, 0.00334955, 0.00388465, 0.00460054, 0.00508089, 0.0056815, 0.00605706, 0.00718581, 0.00898909, 0.0103344, 0.0141274, 0.0166229])
