masses = 
array('d', [1000.0, 1100.0, 1200.0, 1300.0, 1400.0, 1500.0, 1600.0, 1700.0, 1800.0, 1900.0, 2000.0, 2100.0, 2200.0, 2300.0, 2400.0, 2500.0, 2600.0, 2700.0, 2800.0, 2900.0, 3000.0, 3100.0, 3200.0, 3300.0, 3400.0, 3500.0, 3600.0, 3700.0, 3800.0, 3900.0, 4000.0, 4100.0, 4200.0, 4300.0, 4400.0, 4500.0, 4600.0, 4700.0, 4800.0, 4900.0, 5000.0, 5100.0, 5200.0, 5300.0, 5400.0, 5500.0, 5600.0, 5700.0, 5800.0, 5900.0])

xs_obs_limits  = 
array('d', [0.0232455, 0.0423358, 0.0363525, 0.02109, 0.0129538, 0.0103374, 0.0101107, 0.00758186, 0.00673586, 0.00568584, 0.00417352, 0.00379691, 0.00360912, 0.00263492, 0.00268502, 0.00321043, 0.00257726, 0.00194614, 0.00201415, 0.00210489, 0.00186416, 0.00150732, 0.00117112, 0.000962343, 0.00072086, 0.000600649, 0.00054003, 0.000543183, 0.0005525, 0.000544745, 0.000541047, 0.000528261, 0.000532373, 0.000523621, 0.000524023, 0.000512963, 0.000484502, 0.000448446, 0.000400122, 0.000348737, 0.000328568, 0.000282174, 0.000258208, 0.000237665, 0.000216714, 0.000202162, 0.000188485, 0.000180298, 0.000174827, 0.00016933])

xs_exp_limits = 
array('d', [0.0319726, 0.0266186, 0.0206399, 0.0162276, 0.0140934, 0.0118763, 0.0100359, 0.0085482, 0.00726779, 0.00649961, 0.00520807, 0.00445246, 0.00395093, 0.00371607, 0.00305094, 0.00264514, 0.00242881, 0.00206417, 0.00187502, 0.0016213, 0.00140891, 0.00111219, 0.00101252, 0.000993473, 0.000914791, 0.000813974, 0.000738422, 0.000647738, 0.000531606, 0.000502216, 0.000486476, 0.000452818, 0.000386228, 0.000353286, 0.000312697, 0.000299492, 0.000281972, 0.00025838, 0.000257906, 0.000254771, 0.000247583, 0.000247025, 0.000234274, 0.000221434, 0.000210617, 0.000199807, 0.000189405, 0.000184108, 0.000177085, 0.000169924])

masses_exp = 
array('d', [1000.0, 1100.0, 1200.0, 1300.0, 1400.0, 1500.0, 1600.0, 1700.0, 1800.0, 1900.0, 2000.0, 2100.0, 2200.0, 2300.0, 2400.0, 2500.0, 2600.0, 2700.0, 2800.0, 2900.0, 3000.0, 3100.0, 3200.0, 3300.0, 3400.0, 3500.0, 3600.0, 3700.0, 3800.0, 3900.0, 4000.0, 4100.0, 4200.0, 4300.0, 4400.0, 4500.0, 4600.0, 4700.0, 4800.0, 4900.0, 5000.0, 5100.0, 5200.0, 5300.0, 5400.0, 5500.0, 5600.0, 5700.0, 5800.0, 5900.0, 5900.0, 5800.0, 5700.0, 5600.0, 5500.0, 5400.0, 5300.0, 5200.0, 5100.0, 5000.0, 4900.0, 4800.0, 4700.0, 4600.0, 4500.0, 4400.0, 4300.0, 4200.0, 4100.0, 4000.0, 3900.0, 3800.0, 3700.0, 3600.0, 3500.0, 3400.0, 3300.0, 3200.0, 3100.0, 3000.0, 2900.0, 2800.0, 2700.0, 2600.0, 2500.0, 2400.0, 2300.0, 2200.0, 2100.0, 2000.0, 1900.0, 1800.0, 1700.0, 1600.0, 1500.0, 1400.0, 1300.0, 1200.0, 1100.0, 1000.0])

xs_exp_limits_1sigma  = 
array('d', [0.021114, 0.017909, 0.0145982, 0.0125503, 0.00954397, 0.00838801, 0.00691202, 0.00663239, 0.00524134, 0.00456755, 0.00386654, 0.00322311, 0.00268026, 0.00256502, 0.00226636, 0.00195592, 0.00174733, 0.00151518, 0.00131643, 0.00108516, 0.000947015, 0.000813341, 0.000783291, 0.000731446, 0.000620437, 0.000551813, 0.000539718, 0.000477782, 0.000393348, 0.000373275, 0.000354707, 0.000315487, 0.00029086, 0.000268545, 0.000248342, 0.000229733, 0.000212789, 0.000196311, 0.000201464, 0.000185132, 0.000189076, 0.000176244, 0.000170915, 0.000166633, 0.000161036, 0.000157422, 0.000153764, 0.000153098, 0.000151023, 0.000149815, 0.000234436, 0.000244153, 0.000253744, 0.000264092, 0.000269427, 0.000280742, 0.000291016, 0.000299285, 0.000310625, 0.000338126, 0.000330369, 0.000364114, 0.000371057, 0.000391823, 0.000424011, 0.000450613, 0.000508435, 0.00052978, 0.000614078, 0.000646427, 0.000715766, 0.000755623, 0.000892642, 0.00101408, 0.00115421, 0.00122065, 0.00135174, 0.00137919, 0.00167455, 0.00185252, 0.00231797, 0.00257573, 0.00303732, 0.00342313, 0.00367077, 0.00430615, 0.0049588, 0.00561712, 0.00628734, 0.00706287, 0.00934879, 0.00986279, 0.0109497, 0.0135751, 0.0173363, 0.0196777, 0.0215524, 0.028428, 0.0367653, 0.0448567])

xs_exp_limits_2sigma = 
array('d', [0.0169604, 0.0130364, 0.0106182, 0.00930662, 0.00747079, 0.00677251, 0.00511113, 0.00482341, 0.00388114, 0.003411, 0.0028603, 0.00225597, 0.00207889, 0.00208974, 0.0016246, 0.0014824, 0.00124427, 0.00105664, 0.00101012, 0.000865304, 0.000755533, 0.000660794, 0.000581475, 0.000522194, 0.000462986, 0.000404517, 0.000418123, 0.000367188, 0.000310569, 0.000306527, 0.00028297, 0.000244457, 0.000248232, 0.000201012, 0.000190297, 0.000175191, 0.000167834, 0.00016894, 0.000152226, 0.000157877, 0.000158333, 0.000154018, 0.000147269, 0.000149496, 0.000147356, 0.000146953, 0.000141391, 0.000141384, 0.000141037, 0.000136971, 0.000320816, 0.000330336, 0.000346268, 0.000363819, 0.000380632, 0.000385884, 0.000405001, 0.000446448, 0.000476452, 0.000469692, 0.000449247, 0.000437508, 0.000540654, 0.000578068, 0.000612357, 0.00066166, 0.000691368, 0.000781295, 0.000790427, 0.000888056, 0.000911034, 0.00108521, 0.00123295, 0.00128583, 0.00139228, 0.00180676, 0.00202874, 0.002175, 0.00219553, 0.00260135, 0.00322551, 0.00339132, 0.00430823, 0.00436464, 0.00514261, 0.00617126, 0.00669262, 0.00730707, 0.00836957, 0.0099852, 0.0134358, 0.0138605, 0.0160834, 0.0190717, 0.0220428, 0.0267119, 0.0296548, 0.038651, 0.0505649, 0.0634715])
